,Year Built,Sale Amount
0,1945,237500.0
1,1946,240130.0
2,1948,240586.5
3,1949,192231.0
4,1951,125905.0
5,1952,255750.0
6,1961,209826.0
7,1962,166869.0
8,1963,217934.0
9,1965,137500.0
10,1966,229344.33333333334
11,1967,210035.33333333334
12,1968,237719.0
13,1969,173768.0
14,1970,138888.0
15,1971,257748.75
16,1972,189057.33333333334
17,1973,245363.0
18,1975,153621.75
19,1976,204066.77777777778
20,1977,151418.0
21,1978,280062.5
22,1979,188237.0
23,1980,239898.57142857142
24,1981,167558.7142857143
25,1982,185372.5
26,1983,174150.66666666666
27,1985,244905.5
28,1986,248334.75
29,1987,165639.0
30,1988,223340.0
31,1990,179995.0
32,1991,283916.6666666667
33,1992,333979.0
34,1993,251273.16666666666
35,1994,220959.0
36,1995,289428.92307692306
37,1996,257979.23529411765
38,1997,268093.26666666666
39,1998,273715.8125
40,1999,240943.90697674418
41,2000,271065.54054054053
42,2001,238801.83333333334
43,2002,249886.1095890411
44,2003,244606.9552238806
45,2004,260400.6590909091
46,2005,254698.17021276595
47,2006,318215.23913043475
48,2007,339319.5882352941
49,2008,342169.1818181818
50,2009,277997.3846153846
51,2010,300570.86666666664
52,2011,303978.3333333333
53,2012,319707.2
54,2013,368587.63636363635
55,2014,323298.52
56,2015,330461.63636363635
57,2016,325368.42045454547
58,2017,337482.85507246375
59,2018,300519.0
