,Year Built,Sale Amount
0,1942,2148000.0
1,1945,1870000.0
2,1948,793750.0
3,1950,610000.0
4,1951,1542500.0
5,1953,1570033.3333333333
6,1954,1475000.0
7,1955,688000.0
8,1957,1932500.0
9,1958,1330055.5555555555
10,1959,1501166.6666666667
11,1960,1368538.0952380951
12,1961,1143154.6666666667
13,1962,1540008.7719298245
14,1963,1383666.6666666667
15,1964,1444209.677419355
16,1965,1499461.5384615385
17,1966,1680918.3333333333
18,1967,1527050.0
19,1968,1442827.5862068965
20,1969,1785714.2857142857
21,1970,1791100.0
22,1971,1800277.7777777778
23,1972,1694479.1666666667
24,1973,1668333.3333333333
25,1975,1515000.0
26,1976,1416857.142857143
27,1977,1555727.2727272727
28,1978,1375727.2727272727
29,1979,2124500.0
30,1980,1840700.0
31,1981,1147562.5
32,1982,1606607.142857143
33,1983,2026333.3333333333
34,1984,2017714.2857142857
35,1985,2240375.0
36,1986,1831129.6296296297
37,1987,1817750.0
38,1988,1537045.4545454546
39,1989,1555015.3846153845
40,1990,1225260.0
41,1991,1848333.3333333333
42,1992,1983333.3333333333
43,1993,2703000.0
44,1994,1485600.0
45,1995,1465055.5555555555
46,1996,444000.0
47,1997,2983000.0
48,1998,1633875.0
49,2001,1719000.0
50,2002,1356400.0
51,2003,2321000.0
52,2005,1229964.8148148148
53,2006,1782000.0
54,2007,1440625.0
55,2008,1429714.2857142857
56,2009,1240000.0
57,2010,1420166.6666666667
58,2012,1280250.0
59,2013,2038000.0
60,2014,594500.0
61,2015,1755000.0
62,2016,1431000.0
63,2017,1677833.3333333333
64,2018,1039000.0
