,Year Built,Sale Amount
0,1950,100000.0
1,1955,194443.0
2,1956,309375.0
3,1958,450000.0
4,1962,254374.0
5,1965,151000.0
6,1966,360000.0
7,1967,287406.0
8,1970,120000.0
9,1971,354375.0
10,1972,134611.0
11,1973,305250.0
12,1974,218265.125
13,1975,301993.3333333333
14,1976,292884.1
15,1977,231003.8
16,1978,320866.1666666667
17,1979,230717.5
18,1980,262788.3
19,1981,248986.625
20,1982,245501.7142857143
21,1983,228131.53333333333
22,1984,316931.0
23,1985,198504.33333333334
24,1986,211435.25
25,1987,212344.0
26,1988,257758.2
27,1989,256867.7
28,1990,140429.0
29,1991,421186.6666666667
30,1992,267114.6666666667
31,1993,282122.7272727273
32,1994,279100.625
33,1995,196500.0
34,1996,286308.0625
35,1997,265941.625
36,1998,297846.5
37,1999,244905.85
38,2000,278300.35714285716
39,2001,268866.22580645164
40,2002,269915.0
41,2003,236195.7105263158
42,2004,220645.4909090909
43,2005,164329.4578313253
44,2006,211015.55294117646
45,2007,199788.0756302521
46,2008,212297.0661764706
47,2009,180626.45977011495
48,2010,210180.55913978495
49,2011,202333.47692307693
50,2012,203712.23529411765
51,2013,222256.26086956522
52,2014,222399.22680412373
53,2015,229295.37142857144
54,2016,258593.84507042254
55,2017,285454.2835820895
56,2018,454332.0
