,Year Built,Sale Amount
0,1941,87500.0
1,1942,37333.333333333336
2,1943,62071.42857142857
3,1944,245000.0
4,1945,61750.0
5,1946,84100.0
6,1947,35000.0
7,1948,36083.333333333336
8,1949,89863.63636363637
9,1950,59642.857142857145
10,1951,70947.36842105263
11,1952,116406.25
12,1953,88657.8947368421
13,1954,108066.66666666667
14,1955,135208.33333333334
15,1956,59700.0
16,1957,92896.0
17,1958,85625.0
18,1959,96045.45454545454
19,1960,8333.333333333334
20,1961,117700.0
21,1962,43166.666666666664
22,1963,28500.0
23,1964,174230.76923076922
24,1965,83772.72727272728
25,1966,81785.71428571429
26,1967,62750.0
27,1968,88571.42857142857
28,1969,136000.0
29,1970,71000.0
30,1971,76500.0
31,1972,50166.666666666664
32,1973,113750.0
33,1974,77833.33333333333
34,1975,39650.0
35,1976,119166.66666666667
36,1977,65000.0
37,1978,133000.0
38,1979,59000.0
39,1980,128500.0
40,1981,280000.0
41,1985,219000.0
42,1986,119000.0
43,1993,120000.0
44,1994,150000.0
45,1995,127500.0
46,2000,310000.0
47,2008,285000.0
